80
79
83
84
32
47
108
111
103
105
110
32
72
84
84
80
47
49
46
49
13
10
104
111
115
116
58
108
111
99
97
108
104
111
115
116
58
56
48
56
48
48
13
10
99
111
110
110
101
99
116
105
111
110
58
107
101
101
112
45
97
108
105
118
101
101
13
10
99
111
110
116
101
110
116
45
108
101
110
103
116
104
58
49
53
53
13
10
117
115
101
114
45
97
103
101
110
116
58
77
111
122
105
108
108
97
47
53
46
48
32
40
77
97
99
105
110
116
111
115
104
59
32
73
110
116
101
108
32
77
97
99
32
79
83
32
88
32
49
48
95
49
53
95
53
41
32
65
112
112
108
101
87
101
98
75
105
116
47
53
51
55
46
51
54
32
40
75
72
84
77
76
44
32
108
105
107
101
32
71
101
99
107
111
41
32
67
104
114
111
109
101
47
56
51
46
48
46
52
49
48
51
46
49
49
54
32
83
97
102
97
114
105
47
53
51
55
46
51
54
54
13
10
100
110
116
58
49
49
13
10
99
111
110
116
101
110
116
45
116
121
112
101
58
116
101
120
116
47
112
108
97
105
110
59
99
104
97
114
115
101
116
61
85
84
70
45
56
56
13
10
97
99
99
101
112
116
58
42
47
42
42
13
10
111
114
105
103
105
110
58
104
116
116
112
58
47
47
108
111
99
97
108
104
111
115
116
58
56
48
56
48
48
13
10
115
101
99
45
102
101
116
99
104
45
115
105
116
101
58
115
97
109
101
45
111
114
105
103
105
110
110
13
10
115
101
99
45
102
101
116
99
104
45
109
111
100
101
58
99
111
114
115
115
13
10
115
101
99
45
102
101
116
99
104
45
100
101
115
116
58
101
109
112
116
121
121
13
10
114
101
102
101
114
101
114
58
104
116
116
112
58
47
47
108
111
99
97
108
104
111
115
116
58
56
48
56
48
47
47
13
10
97
99
99
101
112
116
45
101
110
99
111
100
105
110
103
58
103
122
105
112
44
32
100
101
102
108
97
116
101
44
32
98
114
114
13
10
97
99
99
101
112
116
45
108
97
110
103
117
97
103
101
58
101
110
45
85
83
44
101
110
59
113
61
48
46
57
57
13
10
99
111
111
107
105
101
58
87
101
98
115
116
111
114
109
45
53
99
48
53
48
100
54
52
61
49
57
49
57
102
51
56
54
45
56
54
51
101
45
52
51
55
51
45
56
54
98
99
45
100
52
101
101
101
55
49
56
101
99
98
99
99
13
10
13
10
91
111
98
106
101
99
116
32
79
98
106
101
99
116
93